99999999919111111111111111111111111111111111111111111111111111111111999999999999
99999991991111111111111111111111111111111111111111111111111111111119919991999999
99999199911111111111111111111111111111111111111911111991111199111111111119999999
99999999191111111111111111111111111111111111991991199999119999999111111199911999
99999999191111111111111111191111111111111191919919999991199999199191111191999999
99999999191111111111111119111199999111199991199991919999919911991919919991991999
99999999991111111111111111999999199111119919991999999999991199191919999119999999
99999999999111111111111199999199999119119919199999999999999991999199999919999999
99999999999911111111111119999191999199919999999999999911999999999991999199999999
99999999999991191111111119999119999999919999999999999999999111991999999999999999
99999999999999111111111111919999199999919999999999999999999999999999999999999999
99999999999999911111111111199999999999999999999999999999999999999999999999999999
99999999999999911111111111191999999999999999999999999999999999999999999999999999
99999999999999919111111111199111119999999999999999999999999999999999999999999999
99999999999999919111111111999919999999999999999999999999999999999999991999999999
99999999999999199111111119991919911999999999999999999999999999999199999999999999
99999999999999999911111999999119999999999999999999999999999999999999999999999999
99999999999999999911119999999119919199999999999999999999999999999999999999999999
99999999999999999999999999999919999991999999999999999999999999999999999999999999
99999999999999999999999999999919199999111999999999999999999999999999999999999999
99999999999999999991999999999911999999199999999999999999999999999999999999999999
99999999999999999999999999999911999999199999991999999999999999999999999999999999
99999999999999999919999999999911999999999999999991999999999999999999999999999999
99999999999999999999999999999999999999999999999919999999999999999999999999999999
99999999999999999199999999999999999999999999999919999999199999999999999999999999
99999999999999991999991119999999999999999999999999999999999999999999999999999999
99999999991111111111111111111111919999999999999999999999999999999999999999999999
99999999999111111111111111111111111999999999999999999999999999999999999999999999
99999999991111111111111111111111111111999999999999999999999999999999999999999999
99999999111111111111111111111111111111119999999999999999999999999999999999999999
99999999911111111111111111111111111111111191999999999999999999999999999999999999
99999999111111111111111111111111111111111111199999999999999999999999999999999999
99999991111111111111111111111111111111111111119999999999999999999999999999999999
99999911111111111111111111111111111111111111111199999999999999999999999999999999
99999111111111111111111111111111111111111111111119999999999999999999999999999999
99991111111111111111111111111111111111111111111111999999999999999999999999999999
99911111111111111111111111111111111111111111111111199999999999999999999999999999
99111111111111111111111111111111111111111111111111119999999999999999999999999999
91111111111111111111111111111111111111111111111111119999999999999999999999999999
11111111111111111111111111111111111111111111111111111999999999999999999999999999
